{
 "cells": [
  {
   "cell_type": "code",
   "execution_count": 2,
   "id": "1eae6090-caa2-45ef-818d-f211378973c4",
   "metadata": {},
   "outputs": [],
   "source": [
    "using OptimalTransport\n",
    "using VegaLite\n",
    "using MLDatasets\n",
    "using Distances\n",
    "using Distributions\n",
    "using Images\n",
    "using DataFrames\n",
    "using LinearAlgebra\n",
    "using SparseArrays\n",
    "using Tulip\n",
    "using UMAP"
   ]
  },
  {
   "cell_type": "markdown",
   "id": "4881ca93-6bdd-473a-88d0-7a138564053d",
   "metadata": {},
   "source": [
    "# 1. Importing and reshaping datasets"
   ]
  },
  {
   "cell_type": "code",
   "execution_count": 183,
   "id": "326d2d9e-4828-4609-926f-157f3187e09d",
   "metadata": {},
   "outputs": [],
   "source": [
    "mnist_x = reshape(MNIST.traintensor(Float64),28*28,:);\n",
    "mnist_y = MNIST.trainlabels(1:size(mnist_x, 2));\n",
    "fmnist_x = reshape(FashionMNIST.traintensor(Float64),28*28,:);\n",
    "fmnist_y = FashionMNIST.trainlabels(1:size(fmnist_x, 2));\n",
    "\n",
    "N = 100\n",
    "mnist_x  = mnist_x'[1:N,:]\n",
    "mnist_y  = mnist_y[1:N]\n",
    "fmnist_x = fmnist_x'[1:N,:]\n",
    "fmnist_y = fmnist_y[1:N];"
   ]
  },
  {
   "cell_type": "code",
   "execution_count": 184,
   "id": "6578a855-645c-407a-8177-c759c2319810",
   "metadata": {},
   "outputs": [],
   "source": [
    "img_url = vcat(\n",
    "    [\"./images/mnist_\"*string(i)*\".png\" for i in 1:N],\n",
    "    [\"./images/fmnist_\"*string(i)*\".png\" for i in 1:N]);"
   ]
  },
  {
   "cell_type": "markdown",
   "id": "aac0ec2b-98e8-4e17-b231-b3b058986cb9",
   "metadata": {},
   "source": [
    "# 2. Calculating the Optimal Transport Dataset Distance2. Calculating the Optimal Transport Dataset Distance"
   ]
  },
  {
   "cell_type": "code",
   "execution_count": 185,
   "id": "f1b08c39-acc2-4ec8-a64a-bf48a27c8321",
   "metadata": {},
   "outputs": [
    {
     "data": {
      "text/plain": [
       "otdd"
      ]
     },
     "execution_count": 185,
     "metadata": {},
     "output_type": "execute_result"
    }
   ],
   "source": [
    "\"\"\"\n",
    "    _fit_MvNormals(X,y)\n",
    "`X` is the feature dataset, where rows are the samples and the columns\n",
    "are feateus. Vector `y` is the label vector.\n",
    "\"\"\"\n",
    "function _fit_MvNormals(X,y)\n",
    "    labels = sort(unique(y))\n",
    "    α = []\n",
    "    for i in labels\n",
    "        Σ = cov(X[y .== i,:]);\n",
    "        Σ += max(0,-2*eigmin(Σ))*I\n",
    "        m = vec(mean(X[y .== i, :],dims=1))\n",
    "        push!(α, MvNormal(m,Σ))\n",
    "    end\n",
    "    return α\n",
    "end\n",
    "\n",
    "function _getW(X1, y1, X2, y2)\n",
    "    α1 = _fit_MvNormals(X1, y1)\n",
    "    α2 = _fit_MvNormals(X2, y2)\n",
    "    \n",
    "    Wα = zeros(length(α1),length(α2))\n",
    "    for (i,j) in Iterators.product(1:length(α1),1:length(α2))\n",
    "        Wα[i,j] = ot_cost(SqEuclidean(), α1[i],α2[j])\n",
    "    end\n",
    "    return Wα\n",
    "end\n",
    "\n",
    "\"\"\"\n",
    "    otdd(dx, D1, D2, ε = 0.1)\n",
    "Calculates the Optimal Transport Dataset Distance between\n",
    "datasets D1 and D2, using metric dx between features\n",
    "distance. Note that `dx` must be a `PreMetric` from `Distances.jl`.\n",
    "\"\"\"\n",
    "function otdd(X1, y1, X2, y2; ε = 1, dx=SqEuclidean(), W = nothing)\n",
    "    if W == nothing\n",
    "        α1 = _fit_MvNormals(X1, y1)\n",
    "        α2 = _fit_MvNormals(X2, y2)\n",
    "\n",
    "        # store the 2-Wasserstein distance\n",
    "        # between P(X1 | y1 = i) and P(X2 | y2 = j)\n",
    "        W = zeros(length(α1),length(α2))\n",
    "        for (i,j) in Iterators.product(1:length(α1),1:length(α2))\n",
    "            W[i,j] = ot_cost(SqEuclidean(), α1[i],α2[j])\n",
    "        end\n",
    "    end\n",
    "    \n",
    "    C = pairwise(dx, X1, X2, dims=1);\n",
    "    for (i,j) in Iterators.product(1:N,1:N)\n",
    "        C[i,j] = sqrt(C[i,j] + W[y1[i]+1,y2[j]+1])\n",
    "    end\n",
    "    \n",
    "    n1 = length(y1)\n",
    "    n2 = length(y2)\n",
    "    γ = sinkhorn_stabilized(ones(n1)./n1, ones(n2)./n2, C, ε, maxiter=10_000);\n",
    "    \n",
    "    return C, γ, dot(C,γ)\n",
    "end"
   ]
  },
  {
   "cell_type": "code",
   "execution_count": 177,
   "id": "4ba3c5d6-0292-4d3e-89da-11bea6fd98bd",
   "metadata": {},
   "outputs": [],
   "source": [
    "Wα = _getW(mnist_x, mnist_y, fmnist_x, fmnist_y);"
   ]
  },
  {
   "cell_type": "code",
   "execution_count": 187,
   "id": "2fff9a21-379b-48f4-a93d-3fa3a16a8f4f",
   "metadata": {},
   "outputs": [],
   "source": [
    "C, γ, cost = otdd(mnist_x, mnist_y, fmnist_x, fmnist_y, ε=0.05,W = Wα);"
   ]
  },
  {
   "cell_type": "markdown",
   "id": "9124d9b9-ed46-4f0c-ab60-de7b0ef72dbb",
   "metadata": {},
   "source": [
    "# 3. Visulizing the Optimal Transport Plan"
   ]
  },
  {
   "cell_type": "markdown",
   "id": "0500888e-eb9d-4826-b8ec-c9ce155433d9",
   "metadata": {},
   "source": [
    "Auxiliary Visualization Functions "
   ]
  },
  {
   "cell_type": "code",
   "execution_count": 238,
   "id": "28295e31-6544-42cb-9161-d2bd42d586e6",
   "metadata": {},
   "outputs": [],
   "source": [
    "\"\"\"\n",
    "    CreateEdges(μ,ν,γ)\n",
    "Creates the edges for plotting.\n",
    "μ and ν correspond to the positions of the mass\n",
    "of the distributions.\n",
    "\"\"\"\n",
    "function CreateEdges(μ, ν, γ; ewfilter=0)\n",
    "    edges = Array{Float64}(undef, 0, 2)\n",
    "    pe    = []\n",
    "    source    = []\n",
    "    target    = []\n",
    "    for i in 1:size(μ)[1], j in 1:size(ν)[1]\n",
    "        edges  = vcat(edges,[μ[i,1],μ[i,2]]')\n",
    "        edges  = vcat(edges,[ν[j,1],ν[j,2]]')\n",
    "        pe     = vcat(pe,string([i,j]))\n",
    "        pe     = vcat(pe,string([i,j]))\n",
    "        source = vcat(source,i)\n",
    "        source = vcat(source,i)\n",
    "        target = vcat(target,j)\n",
    "        target = vcat(target,j)\n",
    "    end\n",
    "    df = DataFrame(edges_x=edges[:,1],edges_y = edges[:,2],pe=pe, source=source, target=target);\n",
    "    edge_w = []\n",
    "    for i in 1:size(γ)[1], j in 1:size(γ)[1]\n",
    "        edge_w = vcat(edge_w,γ[i,j])\n",
    "        edge_w = vcat(edge_w,γ[i,j])\n",
    "    end\n",
    "    df[!,\"ew\"] = edge_w./maximum(edge_w);\n",
    "    \n",
    "    filter = ewfilter\n",
    "    df = df[df[:,:ew] .>= filter,:];\n",
    "    df[!,:id] .= 1:size(df)[1];\n",
    "    return df\n",
    "end\n",
    "\n",
    "\"\"\"\n",
    "    PlotOT(μ,ν,γ;title=\"\",width=200,height=200)\n",
    "VegaLite.jl specification for creating visulizations\n",
    "of Optimal Transport plan.\n",
    "\"\"\"\n",
    "function PlotOT(μ,ν,γ;filter=0.0,title=\"\",width=300,height=300, ewfilter=0.5)\n",
    "    df = CreateEdges(μ,ν,γ, ewfilter=ewfilter)\n",
    "    \n",
    "#     df = df[df[:,:ew] .>= filter,:]\n",
    "    v1 = @vlplot(\n",
    "        mark={:circle,opacity=1},\n",
    "        x={μ[:,1],type=\"quantitative\",axis=nothing},\n",
    "        y={μ[:,2],type=\"quantitative\",axis=nothing},\n",
    "        width=width,\n",
    "        height=height)\n",
    "    v2 = @vlplot(\n",
    "        mark={\"type\"=:circle,color=\"red\",opacity=1},\n",
    "        x={ν[:,1],type=\"quantitative\",axis=nothing},\n",
    "        y={ν[:,2],type=\"quantitative\",axis=nothing},\n",
    "        width=width,\n",
    "        height=height)\n",
    "\n",
    "    v3 = @vlplot(\n",
    "        mark={\"type\"=:line,color=\"black\",clip=false},\n",
    "        data = df,\n",
    "        encoding={\n",
    "        x={\"edges_x:q\",axis=nothing},\n",
    "        y={\"edges_y:q\",axis=nothing},\n",
    "        opacity={\"ew:q\",legend=nothing},\n",
    "        size={\"ew:o\",scale={range=[0,2]},legend=nothing},\n",
    "        detail={\"pe:o\"}},\n",
    "        width=width,\n",
    "        height=height\n",
    "    )\n",
    "    v = @vlplot(view={stroke=nothing},title={text=title, dy=-25, fontSize=14})+v3+v2+v1\n",
    "    return v\n",
    "end;"
   ]
  },
  {
   "cell_type": "code",
   "execution_count": 239,
   "id": "e4be73ec-ecf6-418d-abb2-88ac1f205a67",
   "metadata": {},
   "outputs": [],
   "source": [
    "res_jl = umap(hcat(mnist_x',fmnist_x'); n_neighbors=10, min_dist=0.001, n_epochs=200)'\n",
    "df = DataFrame(\n",
    "    x1     = res_jl[:,1],\n",
    "    x2     = res_jl[:,2],\n",
    "    label  = vcat(mnist_y,fmnist_y),\n",
    "    dataset= vcat([\"mnist\" for i in 1:N],[\"fmnist\" for i in 1:N]));"
   ]
  },
  {
   "cell_type": "code",
   "execution_count": null,
   "id": "d2f33f1c-3ddf-4877-bbff-631091e4ac8d",
   "metadata": {},
   "outputs": [],
   "source": []
  },
  {
   "cell_type": "code",
   "execution_count": 240,
   "id": "0366f9c9-4c46-44cc-aab0-c6e30cbd5331",
   "metadata": {},
   "outputs": [],
   "source": [
    "d_mnist  = Matrix(df[df[:,:dataset].==\"mnist\",[:x1,:x2]])\n",
    "d_fmnist = Matrix(df[df[:,:dataset].==\"fmnist\",[:x1,:x2]]);"
   ]
  },
  {
   "cell_type": "code",
   "execution_count": 241,
   "id": "e3a25f87-ff4c-47af-b2fb-d356f4d19d74",
   "metadata": {},
   "outputs": [],
   "source": [
    "edges = CreateEdges(d_mnist, d_fmnist, γ, ewfilter=0.1);"
   ]
  },
  {
   "cell_type": "code",
   "execution_count": 242,
   "id": "0658e63c-018d-4259-847e-409aa014a76b",
   "metadata": {},
   "outputs": [
    {
     "data": {
      "text/plain": [
       "getlargerew (generic function with 1 method)"
      ]
     },
     "execution_count": 242,
     "metadata": {},
     "output_type": "execute_result"
    }
   ],
   "source": [
    "function getlargerew(edges)\n",
    "    l_edgesid = unique(sort(edges,:ew, rev=true),:source)[!,:id]\n",
    "    l_edges   = edges[sort(vcat(l_edgesid,l_edgesid .+1)),:]\n",
    "    return l_edges\n",
    "end"
   ]
  },
  {
   "cell_type": "code",
   "execution_count": 247,
   "id": "5e08df31-206d-4641-9bd6-d4c25988a41b",
   "metadata": {},
   "outputs": [
    {
     "data": {
      "text/plain": [
       "getlargerew (generic function with 2 methods)"
      ]
     },
     "execution_count": 247,
     "metadata": {},
     "output_type": "execute_result"
    }
   ],
   "source": [
    "function getlargerew(edges, n=1)\n",
    "    return combine(groupby(edges, :source)) do sdf\n",
    "        first(sort(sdf,:ew; rev=true),n)\n",
    "    end\n",
    "end"
   ]
  },
  {
   "cell_type": "code",
   "execution_count": 248,
   "id": "e1547b6b-fafe-49dd-b85c-0e8a6cb017d3",
   "metadata": {},
   "outputs": [
    {
     "data": {
      "text/html": [
       "<table class=\"data-frame\"><thead><tr><th></th><th>source</th><th>edges_x</th><th>edges_y</th><th>pe</th><th>target</th><th>ew</th><th>id</th></tr><tr><th></th><th>Any</th><th>Float64</th><th>Float64</th><th>Any</th><th>Any</th><th>Float64</th><th>Int64</th></tr></thead><tbody><p>200 rows × 7 columns</p><tr><th>1</th><td>1</td><td>0.428608</td><td>0.385411</td><td>[1, 61]</td><td>61</td><td>0.9729</td><td>1</td></tr><tr><th>2</th><td>1</td><td>2.18922</td><td>-0.438729</td><td>[1, 61]</td><td>61</td><td>0.9729</td><td>2</td></tr><tr><th>3</th><td>2</td><td>0.306254</td><td>2.83574</td><td>[2, 96]</td><td>96</td><td>0.409002</td><td>7</td></tr><tr><th>4</th><td>2</td><td>4.77988</td><td>-1.19144</td><td>[2, 96]</td><td>96</td><td>0.409002</td><td>8</td></tr><tr><th>5</th><td>3</td><td>1.2561</td><td>-0.80477</td><td>[3, 38]</td><td>38</td><td>0.448414</td><td>9</td></tr><tr><th>6</th><td>3</td><td>2.22061</td><td>0.0789145</td><td>[3, 38]</td><td>38</td><td>0.448414</td><td>10</td></tr><tr><th>7</th><td>4</td><td>-2.10502</td><td>0.236841</td><td>[4, 37]</td><td>37</td><td>0.480233</td><td>17</td></tr><tr><th>8</th><td>4</td><td>2.3745</td><td>0.199953</td><td>[4, 37]</td><td>37</td><td>0.480233</td><td>18</td></tr><tr><th>9</th><td>5</td><td>-1.60202</td><td>-1.35617</td><td>[5, 68]</td><td>68</td><td>0.341336</td><td>23</td></tr><tr><th>10</th><td>5</td><td>3.13338</td><td>0.788158</td><td>[5, 68]</td><td>68</td><td>0.341336</td><td>24</td></tr><tr><th>11</th><td>6</td><td>-2.04856</td><td>-1.09227</td><td>[6, 43]</td><td>43</td><td>0.968167</td><td>29</td></tr><tr><th>12</th><td>6</td><td>3.38375</td><td>-2.98923</td><td>[6, 43]</td><td>43</td><td>0.968167</td><td>30</td></tr><tr><th>13</th><td>7</td><td>-0.473425</td><td>-0.335441</td><td>[7, 60]</td><td>60</td><td>0.834359</td><td>33</td></tr><tr><th>14</th><td>7</td><td>3.64065</td><td>2.02406</td><td>[7, 60]</td><td>60</td><td>0.834359</td><td>34</td></tr><tr><th>15</th><td>8</td><td>0.24658</td><td>0.621136</td><td>[8, 71]</td><td>71</td><td>0.499783</td><td>37</td></tr><tr><th>16</th><td>8</td><td>4.44957</td><td>0.596243</td><td>[8, 71]</td><td>71</td><td>0.499783</td><td>38</td></tr><tr><th>17</th><td>9</td><td>-0.538199</td><td>-0.365875</td><td>[9, 9]</td><td>9</td><td>0.408326</td><td>39</td></tr><tr><th>18</th><td>9</td><td>1.68946</td><td>-0.359724</td><td>[9, 9]</td><td>9</td><td>0.408326</td><td>40</td></tr><tr><th>19</th><td>10</td><td>-2.19893</td><td>-1.18601</td><td>[10, 7]</td><td>7</td><td>0.849958</td><td>45</td></tr><tr><th>20</th><td>10</td><td>2.08821</td><td>-3.18221</td><td>[10, 7]</td><td>7</td><td>0.849958</td><td>46</td></tr><tr><th>21</th><td>11</td><td>0.526671</td><td>0.311557</td><td>[11, 74]</td><td>74</td><td>0.597891</td><td>51</td></tr><tr><th>22</th><td>11</td><td>4.57671</td><td>1.48781</td><td>[11, 74]</td><td>74</td><td>0.597891</td><td>52</td></tr><tr><th>23</th><td>12</td><td>-1.46313</td><td>0.106406</td><td>[12, 90]</td><td>90</td><td>0.582753</td><td>57</td></tr><tr><th>24</th><td>12</td><td>3.14941</td><td>-3.03973</td><td>[12, 90]</td><td>90</td><td>0.582753</td><td>58</td></tr><tr><th>25</th><td>13</td><td>0.730122</td><td>0.0860829</td><td>[13, 67]</td><td>67</td><td>0.529369</td><td>61</td></tr><tr><th>26</th><td>13</td><td>4.44158</td><td>0.616937</td><td>[13, 67]</td><td>67</td><td>0.529369</td><td>62</td></tr><tr><th>27</th><td>14</td><td>1.37916</td><td>3.45608</td><td>[14, 22]</td><td>22</td><td>0.393746</td><td>65</td></tr><tr><th>28</th><td>14</td><td>4.43366</td><td>2.5993</td><td>[14, 22]</td><td>22</td><td>0.393746</td><td>66</td></tr><tr><th>29</th><td>15</td><td>-0.539777</td><td>-0.265993</td><td>[15, 31]</td><td>31</td><td>0.378102</td><td>71</td></tr><tr><th>30</th><td>15</td><td>1.49927</td><td>-1.70733</td><td>[15, 31]</td><td>31</td><td>0.378102</td><td>72</td></tr><tr><th>&vellip;</th><td>&vellip;</td><td>&vellip;</td><td>&vellip;</td><td>&vellip;</td><td>&vellip;</td><td>&vellip;</td><td>&vellip;</td></tr></tbody></table>"
      ],
      "text/latex": [
       "\\begin{tabular}{r|ccccccc}\n",
       "\t& source & edges\\_x & edges\\_y & pe & target & ew & id\\\\\n",
       "\t\\hline\n",
       "\t& Any & Float64 & Float64 & Any & Any & Float64 & Int64\\\\\n",
       "\t\\hline\n",
       "\t1 & 1 & 0.428608 & 0.385411 & [1, 61] & 61 & 0.9729 & 1 \\\\\n",
       "\t2 & 1 & 2.18922 & -0.438729 & [1, 61] & 61 & 0.9729 & 2 \\\\\n",
       "\t3 & 2 & 0.306254 & 2.83574 & [2, 96] & 96 & 0.409002 & 7 \\\\\n",
       "\t4 & 2 & 4.77988 & -1.19144 & [2, 96] & 96 & 0.409002 & 8 \\\\\n",
       "\t5 & 3 & 1.2561 & -0.80477 & [3, 38] & 38 & 0.448414 & 9 \\\\\n",
       "\t6 & 3 & 2.22061 & 0.0789145 & [3, 38] & 38 & 0.448414 & 10 \\\\\n",
       "\t7 & 4 & -2.10502 & 0.236841 & [4, 37] & 37 & 0.480233 & 17 \\\\\n",
       "\t8 & 4 & 2.3745 & 0.199953 & [4, 37] & 37 & 0.480233 & 18 \\\\\n",
       "\t9 & 5 & -1.60202 & -1.35617 & [5, 68] & 68 & 0.341336 & 23 \\\\\n",
       "\t10 & 5 & 3.13338 & 0.788158 & [5, 68] & 68 & 0.341336 & 24 \\\\\n",
       "\t11 & 6 & -2.04856 & -1.09227 & [6, 43] & 43 & 0.968167 & 29 \\\\\n",
       "\t12 & 6 & 3.38375 & -2.98923 & [6, 43] & 43 & 0.968167 & 30 \\\\\n",
       "\t13 & 7 & -0.473425 & -0.335441 & [7, 60] & 60 & 0.834359 & 33 \\\\\n",
       "\t14 & 7 & 3.64065 & 2.02406 & [7, 60] & 60 & 0.834359 & 34 \\\\\n",
       "\t15 & 8 & 0.24658 & 0.621136 & [8, 71] & 71 & 0.499783 & 37 \\\\\n",
       "\t16 & 8 & 4.44957 & 0.596243 & [8, 71] & 71 & 0.499783 & 38 \\\\\n",
       "\t17 & 9 & -0.538199 & -0.365875 & [9, 9] & 9 & 0.408326 & 39 \\\\\n",
       "\t18 & 9 & 1.68946 & -0.359724 & [9, 9] & 9 & 0.408326 & 40 \\\\\n",
       "\t19 & 10 & -2.19893 & -1.18601 & [10, 7] & 7 & 0.849958 & 45 \\\\\n",
       "\t20 & 10 & 2.08821 & -3.18221 & [10, 7] & 7 & 0.849958 & 46 \\\\\n",
       "\t21 & 11 & 0.526671 & 0.311557 & [11, 74] & 74 & 0.597891 & 51 \\\\\n",
       "\t22 & 11 & 4.57671 & 1.48781 & [11, 74] & 74 & 0.597891 & 52 \\\\\n",
       "\t23 & 12 & -1.46313 & 0.106406 & [12, 90] & 90 & 0.582753 & 57 \\\\\n",
       "\t24 & 12 & 3.14941 & -3.03973 & [12, 90] & 90 & 0.582753 & 58 \\\\\n",
       "\t25 & 13 & 0.730122 & 0.0860829 & [13, 67] & 67 & 0.529369 & 61 \\\\\n",
       "\t26 & 13 & 4.44158 & 0.616937 & [13, 67] & 67 & 0.529369 & 62 \\\\\n",
       "\t27 & 14 & 1.37916 & 3.45608 & [14, 22] & 22 & 0.393746 & 65 \\\\\n",
       "\t28 & 14 & 4.43366 & 2.5993 & [14, 22] & 22 & 0.393746 & 66 \\\\\n",
       "\t29 & 15 & -0.539777 & -0.265993 & [15, 31] & 31 & 0.378102 & 71 \\\\\n",
       "\t30 & 15 & 1.49927 & -1.70733 & [15, 31] & 31 & 0.378102 & 72 \\\\\n",
       "\t$\\dots$ & $\\dots$ & $\\dots$ & $\\dots$ & $\\dots$ & $\\dots$ & $\\dots$ & $\\dots$ \\\\\n",
       "\\end{tabular}\n"
      ],
      "text/plain": [
       "\u001b[1m200×7 DataFrame\u001b[0m\n",
       "\u001b[1m Row \u001b[0m│\u001b[1m source \u001b[0m\u001b[1m edges_x   \u001b[0m\u001b[1m edges_y    \u001b[0m\u001b[1m pe        \u001b[0m\u001b[1m target \u001b[0m\u001b[1m ew       \u001b[0m\u001b[1m id    \u001b[0m\n",
       "\u001b[1m     \u001b[0m│\u001b[90m Any    \u001b[0m\u001b[90m Float64   \u001b[0m\u001b[90m Float64    \u001b[0m\u001b[90m Any       \u001b[0m\u001b[90m Any    \u001b[0m\u001b[90m Float64  \u001b[0m\u001b[90m Int64 \u001b[0m\n",
       "─────┼───────────────────────────────────────────────────────────────────\n",
       "   1 │ 1        0.428608   0.385411   [1, 61]    61      0.9729        1\n",
       "   2 │ 1        2.18922   -0.438729   [1, 61]    61      0.9729        2\n",
       "   3 │ 2        0.306254   2.83574    [2, 96]    96      0.409002      7\n",
       "   4 │ 2        4.77988   -1.19144    [2, 96]    96      0.409002      8\n",
       "   5 │ 3        1.2561    -0.80477    [3, 38]    38      0.448414      9\n",
       "   6 │ 3        2.22061    0.0789145  [3, 38]    38      0.448414     10\n",
       "   7 │ 4       -2.10502    0.236841   [4, 37]    37      0.480233     17\n",
       "   8 │ 4        2.3745     0.199953   [4, 37]    37      0.480233     18\n",
       "   9 │ 5       -1.60202   -1.35617    [5, 68]    68      0.341336     23\n",
       "  10 │ 5        3.13338    0.788158   [5, 68]    68      0.341336     24\n",
       "  11 │ 6       -2.04856   -1.09227    [6, 43]    43      0.968167     29\n",
       "  ⋮  │   ⋮         ⋮          ⋮           ⋮        ⋮        ⋮        ⋮\n",
       " 191 │ 96       0.411574   2.98688    [96, 56]   56      0.251755    535\n",
       " 192 │ 96       4.51985    0.520226   [96, 56]   56      0.251755    536\n",
       " 193 │ 97      -1.26932   -1.16907    [97, 73]   73      0.253954    545\n",
       " 194 │ 97       2.60888    0.638441   [97, 73]   73      0.253954    546\n",
       " 195 │ 98      -3.27312   -0.505554   [98, 80]   80      0.392221    553\n",
       " 196 │ 98       3.63134   -2.88028    [98, 80]   80      0.392221    554\n",
       " 197 │ 99       0.637517   0.164418   [99, 95]   95      0.287163    559\n",
       " 198 │ 99       4.83395    1.68567    [99, 95]   95      0.287163    560\n",
       " 199 │ 100     -2.37306    0.102694   [100, 63]  63      0.397796    565\n",
       " 200 │ 100      1.82452   -2.53862    [100, 63]  63      0.397796    566\n",
       "\u001b[36m                                                         179 rows omitted\u001b[0m"
      ]
     },
     "execution_count": 248,
     "metadata": {},
     "output_type": "execute_result"
    }
   ],
   "source": [
    "getlargerew(edges,2)"
   ]
  },
  {
   "cell_type": "code",
   "execution_count": 246,
   "id": "f83a0204-ba30-4573-b88f-fa6288cc1994",
   "metadata": {},
   "outputs": [
    {
     "data": {
      "text/html": [
       "<table class=\"data-frame\"><thead><tr><th></th><th>source</th><th>edges_x</th><th>edges_y</th><th>pe</th><th>target</th><th>ew</th><th>id</th></tr><tr><th></th><th>Any</th><th>Float64</th><th>Float64</th><th>Any</th><th>Any</th><th>Float64</th><th>Int64</th></tr></thead><tbody><p>200 rows × 7 columns</p><tr><th>1</th><td>1</td><td>0.428608</td><td>0.385411</td><td>[1, 61]</td><td>61</td><td>0.9729</td><td>1</td></tr><tr><th>2</th><td>1</td><td>2.18922</td><td>-0.438729</td><td>[1, 61]</td><td>61</td><td>0.9729</td><td>2</td></tr><tr><th>3</th><td>2</td><td>0.306254</td><td>2.83574</td><td>[2, 96]</td><td>96</td><td>0.409002</td><td>7</td></tr><tr><th>4</th><td>2</td><td>4.77988</td><td>-1.19144</td><td>[2, 96]</td><td>96</td><td>0.409002</td><td>8</td></tr><tr><th>5</th><td>3</td><td>1.2561</td><td>-0.80477</td><td>[3, 38]</td><td>38</td><td>0.448414</td><td>9</td></tr><tr><th>6</th><td>3</td><td>2.22061</td><td>0.0789145</td><td>[3, 38]</td><td>38</td><td>0.448414</td><td>10</td></tr><tr><th>7</th><td>4</td><td>-2.10502</td><td>0.236841</td><td>[4, 37]</td><td>37</td><td>0.480233</td><td>17</td></tr><tr><th>8</th><td>4</td><td>2.3745</td><td>0.199953</td><td>[4, 37]</td><td>37</td><td>0.480233</td><td>18</td></tr><tr><th>9</th><td>5</td><td>-1.60202</td><td>-1.35617</td><td>[5, 68]</td><td>68</td><td>0.341336</td><td>23</td></tr><tr><th>10</th><td>5</td><td>3.13338</td><td>0.788158</td><td>[5, 68]</td><td>68</td><td>0.341336</td><td>24</td></tr><tr><th>11</th><td>6</td><td>-2.04856</td><td>-1.09227</td><td>[6, 43]</td><td>43</td><td>0.968167</td><td>29</td></tr><tr><th>12</th><td>6</td><td>3.38375</td><td>-2.98923</td><td>[6, 43]</td><td>43</td><td>0.968167</td><td>30</td></tr><tr><th>13</th><td>7</td><td>-0.473425</td><td>-0.335441</td><td>[7, 60]</td><td>60</td><td>0.834359</td><td>33</td></tr><tr><th>14</th><td>7</td><td>3.64065</td><td>2.02406</td><td>[7, 60]</td><td>60</td><td>0.834359</td><td>34</td></tr><tr><th>15</th><td>8</td><td>0.24658</td><td>0.621136</td><td>[8, 71]</td><td>71</td><td>0.499783</td><td>37</td></tr><tr><th>16</th><td>8</td><td>4.44957</td><td>0.596243</td><td>[8, 71]</td><td>71</td><td>0.499783</td><td>38</td></tr><tr><th>17</th><td>9</td><td>-0.538199</td><td>-0.365875</td><td>[9, 9]</td><td>9</td><td>0.408326</td><td>39</td></tr><tr><th>18</th><td>9</td><td>1.68946</td><td>-0.359724</td><td>[9, 9]</td><td>9</td><td>0.408326</td><td>40</td></tr><tr><th>19</th><td>10</td><td>-2.19893</td><td>-1.18601</td><td>[10, 7]</td><td>7</td><td>0.849958</td><td>45</td></tr><tr><th>20</th><td>10</td><td>2.08821</td><td>-3.18221</td><td>[10, 7]</td><td>7</td><td>0.849958</td><td>46</td></tr><tr><th>21</th><td>11</td><td>0.526671</td><td>0.311557</td><td>[11, 74]</td><td>74</td><td>0.597891</td><td>51</td></tr><tr><th>22</th><td>11</td><td>4.57671</td><td>1.48781</td><td>[11, 74]</td><td>74</td><td>0.597891</td><td>52</td></tr><tr><th>23</th><td>12</td><td>-1.46313</td><td>0.106406</td><td>[12, 90]</td><td>90</td><td>0.582753</td><td>57</td></tr><tr><th>24</th><td>12</td><td>3.14941</td><td>-3.03973</td><td>[12, 90]</td><td>90</td><td>0.582753</td><td>58</td></tr><tr><th>25</th><td>13</td><td>0.730122</td><td>0.0860829</td><td>[13, 67]</td><td>67</td><td>0.529369</td><td>61</td></tr><tr><th>26</th><td>13</td><td>4.44158</td><td>0.616937</td><td>[13, 67]</td><td>67</td><td>0.529369</td><td>62</td></tr><tr><th>27</th><td>14</td><td>1.37916</td><td>3.45608</td><td>[14, 22]</td><td>22</td><td>0.393746</td><td>65</td></tr><tr><th>28</th><td>14</td><td>4.43366</td><td>2.5993</td><td>[14, 22]</td><td>22</td><td>0.393746</td><td>66</td></tr><tr><th>29</th><td>15</td><td>-0.539777</td><td>-0.265993</td><td>[15, 31]</td><td>31</td><td>0.378102</td><td>71</td></tr><tr><th>30</th><td>15</td><td>1.49927</td><td>-1.70733</td><td>[15, 31]</td><td>31</td><td>0.378102</td><td>72</td></tr><tr><th>&vellip;</th><td>&vellip;</td><td>&vellip;</td><td>&vellip;</td><td>&vellip;</td><td>&vellip;</td><td>&vellip;</td><td>&vellip;</td></tr></tbody></table>"
      ],
      "text/latex": [
       "\\begin{tabular}{r|ccccccc}\n",
       "\t& source & edges\\_x & edges\\_y & pe & target & ew & id\\\\\n",
       "\t\\hline\n",
       "\t& Any & Float64 & Float64 & Any & Any & Float64 & Int64\\\\\n",
       "\t\\hline\n",
       "\t1 & 1 & 0.428608 & 0.385411 & [1, 61] & 61 & 0.9729 & 1 \\\\\n",
       "\t2 & 1 & 2.18922 & -0.438729 & [1, 61] & 61 & 0.9729 & 2 \\\\\n",
       "\t3 & 2 & 0.306254 & 2.83574 & [2, 96] & 96 & 0.409002 & 7 \\\\\n",
       "\t4 & 2 & 4.77988 & -1.19144 & [2, 96] & 96 & 0.409002 & 8 \\\\\n",
       "\t5 & 3 & 1.2561 & -0.80477 & [3, 38] & 38 & 0.448414 & 9 \\\\\n",
       "\t6 & 3 & 2.22061 & 0.0789145 & [3, 38] & 38 & 0.448414 & 10 \\\\\n",
       "\t7 & 4 & -2.10502 & 0.236841 & [4, 37] & 37 & 0.480233 & 17 \\\\\n",
       "\t8 & 4 & 2.3745 & 0.199953 & [4, 37] & 37 & 0.480233 & 18 \\\\\n",
       "\t9 & 5 & -1.60202 & -1.35617 & [5, 68] & 68 & 0.341336 & 23 \\\\\n",
       "\t10 & 5 & 3.13338 & 0.788158 & [5, 68] & 68 & 0.341336 & 24 \\\\\n",
       "\t11 & 6 & -2.04856 & -1.09227 & [6, 43] & 43 & 0.968167 & 29 \\\\\n",
       "\t12 & 6 & 3.38375 & -2.98923 & [6, 43] & 43 & 0.968167 & 30 \\\\\n",
       "\t13 & 7 & -0.473425 & -0.335441 & [7, 60] & 60 & 0.834359 & 33 \\\\\n",
       "\t14 & 7 & 3.64065 & 2.02406 & [7, 60] & 60 & 0.834359 & 34 \\\\\n",
       "\t15 & 8 & 0.24658 & 0.621136 & [8, 71] & 71 & 0.499783 & 37 \\\\\n",
       "\t16 & 8 & 4.44957 & 0.596243 & [8, 71] & 71 & 0.499783 & 38 \\\\\n",
       "\t17 & 9 & -0.538199 & -0.365875 & [9, 9] & 9 & 0.408326 & 39 \\\\\n",
       "\t18 & 9 & 1.68946 & -0.359724 & [9, 9] & 9 & 0.408326 & 40 \\\\\n",
       "\t19 & 10 & -2.19893 & -1.18601 & [10, 7] & 7 & 0.849958 & 45 \\\\\n",
       "\t20 & 10 & 2.08821 & -3.18221 & [10, 7] & 7 & 0.849958 & 46 \\\\\n",
       "\t21 & 11 & 0.526671 & 0.311557 & [11, 74] & 74 & 0.597891 & 51 \\\\\n",
       "\t22 & 11 & 4.57671 & 1.48781 & [11, 74] & 74 & 0.597891 & 52 \\\\\n",
       "\t23 & 12 & -1.46313 & 0.106406 & [12, 90] & 90 & 0.582753 & 57 \\\\\n",
       "\t24 & 12 & 3.14941 & -3.03973 & [12, 90] & 90 & 0.582753 & 58 \\\\\n",
       "\t25 & 13 & 0.730122 & 0.0860829 & [13, 67] & 67 & 0.529369 & 61 \\\\\n",
       "\t26 & 13 & 4.44158 & 0.616937 & [13, 67] & 67 & 0.529369 & 62 \\\\\n",
       "\t27 & 14 & 1.37916 & 3.45608 & [14, 22] & 22 & 0.393746 & 65 \\\\\n",
       "\t28 & 14 & 4.43366 & 2.5993 & [14, 22] & 22 & 0.393746 & 66 \\\\\n",
       "\t29 & 15 & -0.539777 & -0.265993 & [15, 31] & 31 & 0.378102 & 71 \\\\\n",
       "\t30 & 15 & 1.49927 & -1.70733 & [15, 31] & 31 & 0.378102 & 72 \\\\\n",
       "\t$\\dots$ & $\\dots$ & $\\dots$ & $\\dots$ & $\\dots$ & $\\dots$ & $\\dots$ & $\\dots$ \\\\\n",
       "\\end{tabular}\n"
      ],
      "text/plain": [
       "\u001b[1m200×7 DataFrame\u001b[0m\n",
       "\u001b[1m Row \u001b[0m│\u001b[1m source \u001b[0m\u001b[1m edges_x   \u001b[0m\u001b[1m edges_y    \u001b[0m\u001b[1m pe        \u001b[0m\u001b[1m target \u001b[0m\u001b[1m ew       \u001b[0m\u001b[1m id    \u001b[0m\n",
       "\u001b[1m     \u001b[0m│\u001b[90m Any    \u001b[0m\u001b[90m Float64   \u001b[0m\u001b[90m Float64    \u001b[0m\u001b[90m Any       \u001b[0m\u001b[90m Any    \u001b[0m\u001b[90m Float64  \u001b[0m\u001b[90m Int64 \u001b[0m\n",
       "─────┼───────────────────────────────────────────────────────────────────\n",
       "   1 │ 1        0.428608   0.385411   [1, 61]    61      0.9729        1\n",
       "   2 │ 1        2.18922   -0.438729   [1, 61]    61      0.9729        2\n",
       "   3 │ 2        0.306254   2.83574    [2, 96]    96      0.409002      7\n",
       "   4 │ 2        4.77988   -1.19144    [2, 96]    96      0.409002      8\n",
       "   5 │ 3        1.2561    -0.80477    [3, 38]    38      0.448414      9\n",
       "   6 │ 3        2.22061    0.0789145  [3, 38]    38      0.448414     10\n",
       "   7 │ 4       -2.10502    0.236841   [4, 37]    37      0.480233     17\n",
       "   8 │ 4        2.3745     0.199953   [4, 37]    37      0.480233     18\n",
       "   9 │ 5       -1.60202   -1.35617    [5, 68]    68      0.341336     23\n",
       "  10 │ 5        3.13338    0.788158   [5, 68]    68      0.341336     24\n",
       "  11 │ 6       -2.04856   -1.09227    [6, 43]    43      0.968167     29\n",
       "  ⋮  │   ⋮         ⋮          ⋮           ⋮        ⋮        ⋮        ⋮\n",
       " 191 │ 96       0.411574   2.98688    [96, 56]   56      0.251755    535\n",
       " 192 │ 96       4.51985    0.520226   [96, 56]   56      0.251755    536\n",
       " 193 │ 97      -1.26932   -1.16907    [97, 73]   73      0.253954    545\n",
       " 194 │ 97       2.60888    0.638441   [97, 73]   73      0.253954    546\n",
       " 195 │ 98      -3.27312   -0.505554   [98, 80]   80      0.392221    553\n",
       " 196 │ 98       3.63134   -2.88028    [98, 80]   80      0.392221    554\n",
       " 197 │ 99       0.637517   0.164418   [99, 95]   95      0.287163    559\n",
       " 198 │ 99       4.83395    1.68567    [99, 95]   95      0.287163    560\n",
       " 199 │ 100     -2.37306    0.102694   [100, 63]  63      0.397796    565\n",
       " 200 │ 100      1.82452   -2.53862    [100, 63]  63      0.397796    566\n",
       "\u001b[36m                                                         179 rows omitted\u001b[0m"
      ]
     },
     "execution_count": 246,
     "metadata": {},
     "output_type": "execute_result"
    }
   ],
   "source": [
    "combine(groupby(edges, :source)) do sdf\n",
    "    first(sort(sdf,:ew; rev=true),2)\n",
    "end"
   ]
  },
  {
   "cell_type": "code",
   "execution_count": 243,
   "id": "e204f56e-7b34-469d-9d0e-497c08311f6f",
   "metadata": {},
   "outputs": [
    {
     "data": {
      "text/html": [
       "<table class=\"data-frame\"><thead><tr><th></th><th>edges_x</th><th>edges_y</th><th>pe</th><th>source</th><th>target</th><th>ew</th><th>id</th></tr><tr><th></th><th>Float64</th><th>Float64</th><th>Any</th><th>Any</th><th>Any</th><th>Float64</th><th>Int64</th></tr></thead><tbody><p>200 rows × 7 columns</p><tr><th>1</th><td>0.428608</td><td>0.385411</td><td>[1, 61]</td><td>1</td><td>61</td><td>0.9729</td><td>1</td></tr><tr><th>2</th><td>2.18922</td><td>-0.438729</td><td>[1, 61]</td><td>1</td><td>61</td><td>0.9729</td><td>2</td></tr><tr><th>3</th><td>0.306254</td><td>2.83574</td><td>[2, 96]</td><td>2</td><td>96</td><td>0.409002</td><td>7</td></tr><tr><th>4</th><td>4.77988</td><td>-1.19144</td><td>[2, 96]</td><td>2</td><td>96</td><td>0.409002</td><td>8</td></tr><tr><th>5</th><td>1.2561</td><td>-0.80477</td><td>[3, 38]</td><td>3</td><td>38</td><td>0.448414</td><td>9</td></tr><tr><th>6</th><td>2.22061</td><td>0.0789145</td><td>[3, 38]</td><td>3</td><td>38</td><td>0.448414</td><td>10</td></tr><tr><th>7</th><td>-2.10502</td><td>0.236841</td><td>[4, 37]</td><td>4</td><td>37</td><td>0.480233</td><td>17</td></tr><tr><th>8</th><td>2.3745</td><td>0.199953</td><td>[4, 37]</td><td>4</td><td>37</td><td>0.480233</td><td>18</td></tr><tr><th>9</th><td>-1.60202</td><td>-1.35617</td><td>[5, 68]</td><td>5</td><td>68</td><td>0.341336</td><td>23</td></tr><tr><th>10</th><td>3.13338</td><td>0.788158</td><td>[5, 68]</td><td>5</td><td>68</td><td>0.341336</td><td>24</td></tr><tr><th>11</th><td>-2.04856</td><td>-1.09227</td><td>[6, 43]</td><td>6</td><td>43</td><td>0.968167</td><td>29</td></tr><tr><th>12</th><td>3.38375</td><td>-2.98923</td><td>[6, 43]</td><td>6</td><td>43</td><td>0.968167</td><td>30</td></tr><tr><th>13</th><td>-0.473425</td><td>-0.335441</td><td>[7, 60]</td><td>7</td><td>60</td><td>0.834359</td><td>33</td></tr><tr><th>14</th><td>3.64065</td><td>2.02406</td><td>[7, 60]</td><td>7</td><td>60</td><td>0.834359</td><td>34</td></tr><tr><th>15</th><td>0.24658</td><td>0.621136</td><td>[8, 71]</td><td>8</td><td>71</td><td>0.499783</td><td>37</td></tr><tr><th>16</th><td>4.44957</td><td>0.596243</td><td>[8, 71]</td><td>8</td><td>71</td><td>0.499783</td><td>38</td></tr><tr><th>17</th><td>-0.538199</td><td>-0.365875</td><td>[9, 9]</td><td>9</td><td>9</td><td>0.408326</td><td>39</td></tr><tr><th>18</th><td>1.68946</td><td>-0.359724</td><td>[9, 9]</td><td>9</td><td>9</td><td>0.408326</td><td>40</td></tr><tr><th>19</th><td>-2.19893</td><td>-1.18601</td><td>[10, 7]</td><td>10</td><td>7</td><td>0.849958</td><td>45</td></tr><tr><th>20</th><td>2.08821</td><td>-3.18221</td><td>[10, 7]</td><td>10</td><td>7</td><td>0.849958</td><td>46</td></tr><tr><th>21</th><td>0.526671</td><td>0.311557</td><td>[11, 74]</td><td>11</td><td>74</td><td>0.597891</td><td>51</td></tr><tr><th>22</th><td>4.57671</td><td>1.48781</td><td>[11, 74]</td><td>11</td><td>74</td><td>0.597891</td><td>52</td></tr><tr><th>23</th><td>-1.46313</td><td>0.106406</td><td>[12, 90]</td><td>12</td><td>90</td><td>0.582753</td><td>57</td></tr><tr><th>24</th><td>3.14941</td><td>-3.03973</td><td>[12, 90]</td><td>12</td><td>90</td><td>0.582753</td><td>58</td></tr><tr><th>25</th><td>0.730122</td><td>0.0860829</td><td>[13, 67]</td><td>13</td><td>67</td><td>0.529369</td><td>61</td></tr><tr><th>26</th><td>4.44158</td><td>0.616937</td><td>[13, 67]</td><td>13</td><td>67</td><td>0.529369</td><td>62</td></tr><tr><th>27</th><td>1.37916</td><td>3.45608</td><td>[14, 22]</td><td>14</td><td>22</td><td>0.393746</td><td>65</td></tr><tr><th>28</th><td>4.43366</td><td>2.5993</td><td>[14, 22]</td><td>14</td><td>22</td><td>0.393746</td><td>66</td></tr><tr><th>29</th><td>-0.539777</td><td>-0.265993</td><td>[15, 31]</td><td>15</td><td>31</td><td>0.378102</td><td>71</td></tr><tr><th>30</th><td>1.49927</td><td>-1.70733</td><td>[15, 31]</td><td>15</td><td>31</td><td>0.378102</td><td>72</td></tr><tr><th>&vellip;</th><td>&vellip;</td><td>&vellip;</td><td>&vellip;</td><td>&vellip;</td><td>&vellip;</td><td>&vellip;</td><td>&vellip;</td></tr></tbody></table>"
      ],
      "text/latex": [
       "\\begin{tabular}{r|ccccccc}\n",
       "\t& edges\\_x & edges\\_y & pe & source & target & ew & id\\\\\n",
       "\t\\hline\n",
       "\t& Float64 & Float64 & Any & Any & Any & Float64 & Int64\\\\\n",
       "\t\\hline\n",
       "\t1 & 0.428608 & 0.385411 & [1, 61] & 1 & 61 & 0.9729 & 1 \\\\\n",
       "\t2 & 2.18922 & -0.438729 & [1, 61] & 1 & 61 & 0.9729 & 2 \\\\\n",
       "\t3 & 0.306254 & 2.83574 & [2, 96] & 2 & 96 & 0.409002 & 7 \\\\\n",
       "\t4 & 4.77988 & -1.19144 & [2, 96] & 2 & 96 & 0.409002 & 8 \\\\\n",
       "\t5 & 1.2561 & -0.80477 & [3, 38] & 3 & 38 & 0.448414 & 9 \\\\\n",
       "\t6 & 2.22061 & 0.0789145 & [3, 38] & 3 & 38 & 0.448414 & 10 \\\\\n",
       "\t7 & -2.10502 & 0.236841 & [4, 37] & 4 & 37 & 0.480233 & 17 \\\\\n",
       "\t8 & 2.3745 & 0.199953 & [4, 37] & 4 & 37 & 0.480233 & 18 \\\\\n",
       "\t9 & -1.60202 & -1.35617 & [5, 68] & 5 & 68 & 0.341336 & 23 \\\\\n",
       "\t10 & 3.13338 & 0.788158 & [5, 68] & 5 & 68 & 0.341336 & 24 \\\\\n",
       "\t11 & -2.04856 & -1.09227 & [6, 43] & 6 & 43 & 0.968167 & 29 \\\\\n",
       "\t12 & 3.38375 & -2.98923 & [6, 43] & 6 & 43 & 0.968167 & 30 \\\\\n",
       "\t13 & -0.473425 & -0.335441 & [7, 60] & 7 & 60 & 0.834359 & 33 \\\\\n",
       "\t14 & 3.64065 & 2.02406 & [7, 60] & 7 & 60 & 0.834359 & 34 \\\\\n",
       "\t15 & 0.24658 & 0.621136 & [8, 71] & 8 & 71 & 0.499783 & 37 \\\\\n",
       "\t16 & 4.44957 & 0.596243 & [8, 71] & 8 & 71 & 0.499783 & 38 \\\\\n",
       "\t17 & -0.538199 & -0.365875 & [9, 9] & 9 & 9 & 0.408326 & 39 \\\\\n",
       "\t18 & 1.68946 & -0.359724 & [9, 9] & 9 & 9 & 0.408326 & 40 \\\\\n",
       "\t19 & -2.19893 & -1.18601 & [10, 7] & 10 & 7 & 0.849958 & 45 \\\\\n",
       "\t20 & 2.08821 & -3.18221 & [10, 7] & 10 & 7 & 0.849958 & 46 \\\\\n",
       "\t21 & 0.526671 & 0.311557 & [11, 74] & 11 & 74 & 0.597891 & 51 \\\\\n",
       "\t22 & 4.57671 & 1.48781 & [11, 74] & 11 & 74 & 0.597891 & 52 \\\\\n",
       "\t23 & -1.46313 & 0.106406 & [12, 90] & 12 & 90 & 0.582753 & 57 \\\\\n",
       "\t24 & 3.14941 & -3.03973 & [12, 90] & 12 & 90 & 0.582753 & 58 \\\\\n",
       "\t25 & 0.730122 & 0.0860829 & [13, 67] & 13 & 67 & 0.529369 & 61 \\\\\n",
       "\t26 & 4.44158 & 0.616937 & [13, 67] & 13 & 67 & 0.529369 & 62 \\\\\n",
       "\t27 & 1.37916 & 3.45608 & [14, 22] & 14 & 22 & 0.393746 & 65 \\\\\n",
       "\t28 & 4.43366 & 2.5993 & [14, 22] & 14 & 22 & 0.393746 & 66 \\\\\n",
       "\t29 & -0.539777 & -0.265993 & [15, 31] & 15 & 31 & 0.378102 & 71 \\\\\n",
       "\t30 & 1.49927 & -1.70733 & [15, 31] & 15 & 31 & 0.378102 & 72 \\\\\n",
       "\t$\\dots$ & $\\dots$ & $\\dots$ & $\\dots$ & $\\dots$ & $\\dots$ & $\\dots$ & $\\dots$ \\\\\n",
       "\\end{tabular}\n"
      ],
      "text/plain": [
       "\u001b[1m200×7 DataFrame\u001b[0m\n",
       "\u001b[1m Row \u001b[0m│\u001b[1m edges_x   \u001b[0m\u001b[1m edges_y    \u001b[0m\u001b[1m pe        \u001b[0m\u001b[1m source \u001b[0m\u001b[1m target \u001b[0m\u001b[1m ew       \u001b[0m\u001b[1m id    \u001b[0m\n",
       "\u001b[1m     \u001b[0m│\u001b[90m Float64   \u001b[0m\u001b[90m Float64    \u001b[0m\u001b[90m Any       \u001b[0m\u001b[90m Any    \u001b[0m\u001b[90m Any    \u001b[0m\u001b[90m Float64  \u001b[0m\u001b[90m Int64 \u001b[0m\n",
       "─────┼───────────────────────────────────────────────────────────────────\n",
       "   1 │  0.428608   0.385411   [1, 61]    1       61      0.9729        1\n",
       "   2 │  2.18922   -0.438729   [1, 61]    1       61      0.9729        2\n",
       "   3 │  0.306254   2.83574    [2, 96]    2       96      0.409002      7\n",
       "   4 │  4.77988   -1.19144    [2, 96]    2       96      0.409002      8\n",
       "   5 │  1.2561    -0.80477    [3, 38]    3       38      0.448414      9\n",
       "   6 │  2.22061    0.0789145  [3, 38]    3       38      0.448414     10\n",
       "   7 │ -2.10502    0.236841   [4, 37]    4       37      0.480233     17\n",
       "   8 │  2.3745     0.199953   [4, 37]    4       37      0.480233     18\n",
       "   9 │ -1.60202   -1.35617    [5, 68]    5       68      0.341336     23\n",
       "  10 │  3.13338    0.788158   [5, 68]    5       68      0.341336     24\n",
       "  11 │ -2.04856   -1.09227    [6, 43]    6       43      0.968167     29\n",
       "  ⋮  │     ⋮          ⋮           ⋮        ⋮       ⋮        ⋮        ⋮\n",
       " 191 │  0.411574   2.98688    [96, 56]   96      56      0.251755    535\n",
       " 192 │  4.51985    0.520226   [96, 56]   96      56      0.251755    536\n",
       " 193 │ -1.26932   -1.16907    [97, 73]   97      73      0.253954    545\n",
       " 194 │  2.60888    0.638441   [97, 73]   97      73      0.253954    546\n",
       " 195 │ -3.27312   -0.505554   [98, 80]   98      80      0.392221    553\n",
       " 196 │  3.63134   -2.88028    [98, 80]   98      80      0.392221    554\n",
       " 197 │  0.637517   0.164418   [99, 95]   99      95      0.287163    559\n",
       " 198 │  4.83395    1.68567    [99, 95]   99      95      0.287163    560\n",
       " 199 │ -2.37306    0.102694   [100, 63]  100     63      0.397796    565\n",
       " 200 │  1.82452   -2.53862    [100, 63]  100     63      0.397796    566\n",
       "\u001b[36m                                                         179 rows omitted\u001b[0m"
      ]
     },
     "execution_count": 243,
     "metadata": {},
     "output_type": "execute_result"
    }
   ],
   "source": [
    "getlargerew(edges)"
   ]
  },
  {
   "cell_type": "code",
   "execution_count": 236,
   "id": "5b96c967-e436-47f3-98fd-7ce48d73a1e4",
   "metadata": {},
   "outputs": [
    {
     "data": {
      "text/html": [
